final_mean 
-6.940131
-6.4155173
-6.083509
-5.725472
-5.280191
-4.8646464
-4.484253
-4.1722755
-3.81536
-3.6797345
-3.496022
-3.3618677
-3.1312306
-2.8888073
-2.695137
-2.4937904
-2.3305387
-2.2061114
-1.8994263
-1.8761559
-1.8305027
-1.4894931
-1.534377
-1.285783
-1.2435533
-1.026248
-1.0115948
-0.81567234
-0.7171014
-0.60944194 
 -0.48414937
 -0.37386945
 -0.26493108
 -0.1535683
  -0.03678036 
 0.08124296 
  0.19425853
  0.31435072 
 0.45909733 
 0.49898276 
 0.6819334 
  0.7259052 
  0.8814928 
  0.9705502 
  1.0759299 
  1.188505  
  1.2971358 
  1.4032803 
  1.5052161 
  1.6292137 
  1.7266179 
  1.8313634
   1.9312555 
  2.0398383  
 2.117457  
  2.2071538
   2.291705 
   2.3822265 
  2.4801219 
  2.554694 
 2.6594071 
  2.737486 
   2.8239107  
 2.9086828 
  2.9914823 
  3.0771642 
 3.1484416 
  3.2294226 
  3.3087986 
  3.3830817 
  3.4525974 
  3.523732 
 3.5897133 
  3.656305  
  3.7174172  
 3.7723122 
  3.8291903 
  3.8776753 
 3.9242425 
  3.9631262 
final_stdevs 
1.171007  
 1.3974051 
 1.3764178
  1.1455708
  1.093596 
  1.1561058
 1.3030524
  1.5692888 
 1.6295341 
 1.5999116 
 1.4985881 
 1.4476826
 1.3800172 
 1.3594607 
 1.367389 
  1.3659015 
 1.3670311 
 1.372911 
1.3224741 
 1.3148612 
 1.323195 
  1.2685529 
 1.2756128 
 1.2298467 
1.2246438 
 1.1875701
  1.1629343
  1.1434045 
 1.1157503
  1.0689508 
1.036115  
 1.0146986 
 0.9930542
  0.9686587
  0.9447871 
 0.9281505 
0.91965085 
0.9076347 
 0.88215446
 0.87767684
 0.83988243
 0.83268976
 0.8088269 
 0.7915959  
0.765808   
0.74903053 
0.7369812 
 0.72821444
 0.72316283 
0.71317047
 0.70840114
 0.6973493 
 0.68842965 
0.6746287 
0.65702254
 0.6365063 
 0.6217985 
 0.6108959 
 0.60023284 
0.5932015
 0.57904524 
0.56930226
 0.55782145 
0.549149  
 0.5417101 
 0.5325973
 0.52515405 
0.51705194 
0.5098109 
 0.50270516 
0.49488404 
0.4867133 
0.48013735 
0.47391185 
0.46684137
 0.45968765 
0.45227462 
0.4454165 
0.43877363 
0.43330958
